41 52

1 桃园

桃园作为整个西大年代比较久远的园区，设施比较陈旧，桃园食堂也已关闭。

2 桂园宾馆

位于5号门附近，外来人员可住。

3 北区校医院

门诊时间上午八点至十二点，下午两点半至五点半。核酸检测时间为上午，急诊时间为全天二十四小时。医院开设大内科、康复医学科、急诊科、外科、医疗美容科、皮肤科、眼科、耳鼻咽喉科、口腔科、中医科、妇科、健康体检科、公共卫生科等。

4 第一运动场

体育课上课地点。除体考外开放时间：全天。运动场西侧有体育馆与恒温游泳馆可供使用。

5 北区图书馆

周五12：00-18：00闭馆。北区图书馆有两栋楼，冬暖夏凉，相较中心图书馆座位紧张

6 第二运动场

开放时间：下午六点以后。日常为体育生训练场地。

7 橘园

橘园靠近第二运动场，园区内有蜜雪冰城，瑞幸咖啡，多家水果店，多层食堂和超市，十分便利。

8 化学化工学院

可能为旧址。

9 志成大厦

楼内可租借衣物和道具、玩剧本杀、看私人电影等。楼外的志成小吃街内有多家美食，包括奇妙干锅，海鲜捞面，水果捞，五谷鱼粉等，可以前去品尝。

10 行署楼

正对1号门，是一个比较古老的楼，外面长有爬山虎，。

11 一号门

常常出现在宣传海报上的1号门，位于雕像正对面。

12 中心图书馆

夏暖冬凉建筑代表，周五12：00至18：30闭馆。

13 八教

大部分学生上课地点。饮水机地点：1楼、3楼、4楼、6楼。

14 物理大楼

物理学院的楼。

15 二十五教

即计信院大楼，楼内有四部电梯，在上课时间经常排长队，要提前出发。 

16 二十六教

与二十七教、二十八教紧邻的教学楼，多个学院学生的上课地点，仅一楼与三楼有饮水机。

17 梅园

优点：四人间豪华大别墅，缺点：共计11楼，进入时要先从7楼平台下到3楼再爬，且食堂难吃。

18 中心体育馆

我也没大去过。

19 二号门

人流量最大的校门，靠近繁华的天生丽街。

20 南区校医院

南区校医院门诊时间上午八点至十二点，下午两点半至五点半。

21 共青花园

共青花园。

22 竹园

竹园园区有三层大食堂以及四人间豪华别墅，但据说常常有大蜘蛛等小动物出没。

23 第五运动场

含有网球场和篮球场。

24 心理学院

学校王牌专业之一所在学院

25 大礼堂

活动举办地，位于第三运动场旁。

26 楠园

楠园园区靠近四运，有蜜雪冰城等奶茶店和新建美食城！

27 第四运动场

人流量最大的运动场，晚上有时会有同学进行唱歌、摆摊等活动。

28 园艺园林学院

园艺园林学院

29 工程技术学院

工程技术学院

30 三十二教

一个教学楼

31 动物科技学院

动物科技学院

32 农业科学院

农业科学院

33 30教

大学物理实验上课地点，是一个直角三角形的楼。

34 6号门

6号门。

35 3号门

靠近地铁出口之一。

36 植物保护学院

植物保护学院

37 九教

靠近10教。

38 西师街

靠近六号门以及恒温游泳馆，有天猫超市，理发店，水果店等商铺。

39 音乐学院

经常飘扬优美的音乐。

40 李园

同样为学校内年代最久的宿舍园区之一，园区内有李园快乐食间、李园食堂和李园小吃街。

41 杏园

食堂非常好吃！宿舍环境良好！

1 36 500

0 36 230

0 5 200

0 6 321

5 6 157

4 5 224

2 4 280

2 3 310

3 4 130

6 16 210

8 16 300

7 16 280

15 16 140

14 15  200

13 14 180

12 14 220

11 12 250

12 13 90

7 23 210

15 23 110

11 24 290

24 25 320

25 26 80

26 20 250

18 20 170

11 17 230

17 34 160

17 24 280

25 21 430

18 19 170

21 22 200

28 29 60

29 30 80

21 28 270

22 29 110

30 31 120

27 35 150

32 35 40

22 27 90

32 33 100

30 33 200

9 10 60

38 3 185

40 9 617

40 39 184

39 11 198

40 13 91

38 2 351

10 40 248

4 11 138

37 1 407

37 3 809
